CMap1 = [            0            0            0
   2.7584e-02            0   1.3908e-03
   5.4146e-02            0   5.4601e-03
   7.9742e-02            0   1.2062e-02
   1.0442e-01            0   2.1060e-02
   1.2824e-01            0   3.2330e-02
   1.5124e-01            0   4.5752e-02
   1.7345e-01            0   6.1218e-02
   1.9493e-01            0   7.8626e-02
   2.1570e-01            0   9.7880e-02
   2.3580e-01            0   1.1889e-01
   2.5526e-01            0   1.4157e-01
   2.7412e-01            0   1.6585e-01
   2.9239e-01            0   1.9165e-01
   3.1011e-01            0   2.1890e-01
   3.2730e-01            0   2.4754e-01
   3.4399e-01            0   2.7750e-01
   3.6019e-01            0   3.0874e-01
   3.7593e-01            0   3.4118e-01
   3.9123e-01            0   3.7479e-01
   4.0609e-01            0   4.0953e-01
   4.2014e-01            0   4.4640e-01
   4.3308e-01            0   4.8619e-01
   4.4477e-01            0   5.2927e-01
   4.5504e-01            0   5.7606e-01
   4.6370e-01            0   6.2705e-01
   4.7053e-01            0   6.8285e-01
   4.7526e-01            0   7.4416e-01
   4.7756e-01            0   8.1185e-01
   4.7703e-01            0   8.8697e-01
   4.7317e-01            0   9.7080e-01
   4.4882e-01   2.1039e-02   1.0000e+00
   4.1790e-01   5.1095e-02   1.0000e+00
   3.8924e-01   7.9997e-02   1.0000e+00
   3.6272e-01   1.0781e-01   1.0000e+00
   3.3822e-01   1.3460e-01   1.0000e+00
   3.1563e-01   1.6041e-01   1.0000e+00
   2.9485e-01   1.8531e-01   1.0000e+00
   2.7577e-01   2.0933e-01   1.0000e+00
   2.5833e-01   2.3253e-01   1.0000e+00
   2.4228e-01   2.5501e-01   1.0000e+00
   2.2571e-01   2.7777e-01   1.0000e+00
   2.0795e-01   3.0113e-01   1.0000e+00
   1.8885e-01   3.2518e-01   1.0000e+00
   1.6826e-01   3.4998e-01   1.0000e+00
   1.4599e-01   3.7564e-01   1.0000e+00
   1.2184e-01   4.0226e-01   1.0000e+00
   9.5546e-02   4.2997e-01   1.0000e+00
   6.6821e-02   4.5891e-01   1.0000e+00
   3.5308e-02   4.8928e-01   1.0000e+00
   5.7937e-04   5.2129e-01   1.0000e+00
            0   5.4491e-01   9.5359e-01
            0   5.6726e-01   9.1222e-01
            0   5.8868e-01   8.7566e-01
            0   6.0931e-01   8.4312e-01
            0   6.2929e-01   8.1397e-01
            0   6.4870e-01   7.8771e-01
            0   6.6764e-01   7.6393e-01
            0   6.8616e-01   7.4230e-01
            0   7.0431e-01   7.2253e-01
            0   7.2222e-01   7.0401e-01
            0   7.4035e-01   6.8436e-01
            0   7.5879e-01   6.6314e-01
            0   7.7754e-01   6.4033e-01
            0   7.9660e-01   6.1586e-01
            0   8.1600e-01   5.8971e-01
            0   8.3573e-01   5.6183e-01
            0   8.5580e-01   5.3218e-01
            0   8.7623e-01   5.0070e-01
            0   8.9702e-01   4.6736e-01
            0   9.1819e-01   4.3209e-01
            0   9.3974e-01   3.9485e-01
            0   9.6168e-01   3.5558e-01
            0   9.8403e-01   3.1423e-01
   1.0967e-02   1.0000e+00   2.7693e-01
   4.7268e-02   1.0000e+00   2.5543e-01
   8.2510e-02   1.0000e+00   2.3671e-01
   1.1674e-01   1.0000e+00   2.2065e-01
   1.4999e-01   1.0000e+00   2.0714e-01
   1.8232e-01   1.0000e+00   1.9606e-01
   2.1402e-01   1.0000e+00   1.8668e-01
   2.4592e-01   1.0000e+00   1.7674e-01
   2.7814e-01   1.0000e+00   1.6600e-01
   3.1070e-01   1.0000e+00   1.5436e-01
   3.4365e-01   1.0000e+00   1.4169e-01
   3.7704e-01   1.0000e+00   1.2786e-01
   4.1094e-01   1.0000e+00   1.1269e-01
   4.4544e-01   1.0000e+00   9.5984e-02
   4.8061e-01   1.0000e+00   7.7496e-02
   5.1657e-01   1.0000e+00   5.6924e-02
   5.5348e-01   1.0000e+00   3.3894e-02
   5.9150e-01   1.0000e+00   7.9365e-03
   6.3473e-01   9.9385e-01            0
   6.7912e-01   9.8556e-01            0
   7.2291e-01   9.7758e-01            0
   7.6613e-01   9.6989e-01            0
   8.0880e-01   9.6247e-01            0
   8.5096e-01   9.5532e-01            0
   8.9263e-01   9.4842e-01            0
   9.3384e-01   9.4175e-01            0
   9.7573e-01   9.3474e-01            0
   1.0000e+00   9.1695e-01   1.0157e-01
   1.0000e+00   8.9691e-01   2.7834e-01
   1.0000e+00   8.8580e-01   4.0913e-01
   1.0000e+00   8.8054e-01   5.0982e-01
   1.0000e+00   8.7933e-01   5.8972e-01
   1.0000e+00   8.8102e-01   6.5467e-01
   1.0000e+00   8.8487e-01   7.0850e-01
   1.0000e+00   8.9037e-01   7.5385e-01
   1.0000e+00   8.9716e-01   7.9258e-01
   1.0000e+00   9.0497e-01   8.2603e-01
   1.0000e+00   9.1362e-01   8.5522e-01
   1.0000e+00   9.2294e-01   8.8091e-01
   1.0000e+00   9.3283e-01   9.0369e-01
   1.0000e+00   9.4319e-01   9.2404e-01
   1.0000e+00   9.5395e-01   9.4232e-01
   1.0000e+00   9.6506e-01   9.5883e-01
   1.0000e+00   9.7646e-01   9.7382e-01
   1.0000e+00   9.8812e-01   9.8749e-01
   1.0000e+00   1.0000e+00   1.0000e+00];
